CatfbrgnN20140520S0220.fits  17.50  42.36  17.00  42.55
CatfbrgnN20140520S0222.fits  36.48  19.01  35.90  18.94
CatfbrgnN20140520S0223.fits  15.98  36.23  15.96  36.19
CatfbrgnN20140520S0225.fits  36.83  15.03  37.00  14.93
CatfbrgnN20140520S0239.fits  18.45  39.63  19.06  39.22
CatfbrgnN20140520S0241.fits  38.89  18.28  38.84  18.41
CatfbrgnN20150502S0133.fits  36.96  17.51  
CatfbrgnN20150502S0137.fits  13.49  33.32 
CatfbrgnN20150503S0043.fits  36.54  19.17 
CatfbrgnN20150503S0046.fits  15.54  43.74 
CatfbrgnN20150503S0047.fits  37.05  24.87 
CatfbrgnN20150503S0049.fits  16.26  46.72
