CatfbrgnN20140520S0220.fits  17.50   42.36  17.00  42.55   17.25  42.46  21.61   0.00 
CatfbrgnN20140520S0222.fits  36.48   19.01  35.90  18.94   36.19  18.98   2.67  23.48
CatfbrgnN20140520S0223.fits  15.98   36.23  15.96  36.19   15.97  36.21  22.89   6.25
CatfbrgnN20140520S0225.fits  36.83   15.03  37.00  14.93   36.92  14.98   1.95  27.48
CatfbrgnN20140520S0239.fits  18.45   39.63  19.06  39.22   18.76  39.43  20.11   3.03
CatfbrgnN20140520S0241.fits  38.89   18.28  38.84  18.41   38.86  18.35   0.00  24.11
CatfbrgnN20150131S0401.fits  17.59   39.19  17.07  39.13   17.33  39.16  21.53   7.58
CatfbrgnN20150201S0164.fits  36.79   19.91  36.57  19.82   36.68  19.86   2.18  26.87
CatfbrgnN20150201S0165.fits  16.04   43.33  15.92  43.28   15.98  43.31  22.88   3.43
CatfbrgnN20150201S0167.fits  37.21   26.65  37.29  26.42   37.25  26.53   1.61  20.20
CatfbrgnN20150502S0131.fits  19.58   39.10  19.66  39.45   19.62  39.28  19.24   7.46
CatfbrgnN20150502S0133.fits  36.96   17.51  37.22  17.00   37.09  17.26   1.77  29.48
CatfbrgnN20150502S0137.fits  13.49   33.32  12.73  33.65   13.11  33.49  25.75  13.25
CatfbrgnN20150503S0043.fits  36.54   19.17  35.96  19.14   36.25  19.15   2.61  27.58
CatfbrgnN20150503S0046.fits  15.54   43.74  15.19  43.75   15.36  43.75  23.50   2.99
CatfbrgnN20150503S0047.fits  37.05   24.87  37.38  24.78   37.22  24.83   1.65  21.91
CatfbrgnN20150503S0049.fits  16.26   46.72  16.17  46.76   16.22  46.74  22.65   0.00
  
  
CatfbrgnN20140520S0220.fits   21  0
CatfbrgnN20140520S0222.fits    3 23
CatfbrgnN20140520S0223.fits   23  6
CatfbrgnN20140520S0225.fits    2 27
CatfbrgnN20140520S0239.fits   20  3
CatfbrgnN20140520S0241.fits    0 24
CatfbrgnN20150131S0401.fits   22  8
CatfbrgnN20150201S0164.fits    2 27
CatfbrgnN20150201S0165.fits   22  3
CatfbrgnN20150201S0167.fits    2 20
CatfbrgnN20150502S0131.fits   19  7
CatfbrgnN20150502S0133.fits    2 29
CatfbrgnN20150502S0137.fits   26 13
CatfbrgnN20150503S0043.fits    3 28
CatfbrgnN20150503S0046.fits   24  3
CatfbrgnN20150503S0047.fits    2 22
CatfbrgnN20150503S0049.fits   23  0