# File generated by CMD 2.7 (http://stev.oapd.inaf.it/cmd) on Tue Mar  8 22:19:31 CET 2016
# PARSEC isochrones, release v1.2S
# Basic references: Bressan et al. (2012), MNRAS, 427, 127 + Chen et al. (2014), MNRAS, 444, 2525 + Tang et al. (2014), MNRAS, 445, 4287 + Chen et al. (2015), MNRAS accepted
# Warning: the TP-AGB phase is not included! TP-AGB tracks are in preparation by Marigo et al.
# Photometric system: HST/ACS WFC
# Using NBC version of bolometric corrections as in Chen et al. (2014), MNRAS, 444, 2525
# BCs of Carbon stars derive from Aringer et al. (2009, A&A 503, 913)
# O-rich circumstellar dust ignored
# C-rich circumstellar dust ignored
# IMF: Chabrier (2001) lognormal 
# On RGB, assumed Reimers mass loss with efficiency eta=0.2
# Kind of output: SSP integrated magnitudes
#	Z	Age		mbol    F435W   F475W   F502N   F550M   F555W   F606W   F625W   F658N   F660N   F775W   F814W   F850LP  F892N
	0.0100	3.98e+06	-0.580	1.689	1.768	1.830	1.846	1.823	1.838	1.858	1.758	1.821	1.882	1.889	1.916	1.925
	0.0100	4.47e+06	-0.556	1.701	1.767	1.820	1.802	1.793	1.779	1.771	1.649	1.712	1.717	1.707	1.686	1.685
	0.0100	5.01e+06	-0.510	1.634	1.620	1.606	1.495	1.528	1.445	1.372	1.209	1.266	1.192	1.163	1.090	1.098
	0.0100	5.62e+06	-0.449	1.673	1.621	1.579	1.415	1.470	1.347	1.242	1.056	1.113	0.995	0.957	0.858	0.864
	0.0100	6.31e+06	-0.382	1.728	1.673	1.631	1.448	1.510	1.374	1.259	1.065	1.123	0.986	0.944	0.834	0.838
	0.0100	7.08e+06	-0.303	1.825	1.833	1.854	1.707	1.749	1.643	1.555	1.395	1.442	1.202	1.136	0.968	0.969
	0.0100	7.94e+06	-0.219	1.820	1.821	1.835	1.695	1.736	1.635	1.550	1.392	1.440	1.232	1.171	1.017	1.016
	0.0100	8.91e+06	-0.122	2.001	2.025	2.060	1.899	1.946	1.820	1.716	1.537	1.587	1.339	1.264	1.076	1.061
	0.0100	1.00e+07	-0.029	1.645	1.667	1.690	1.628	1.640	1.598	1.562	1.440	1.491	1.439	1.411	1.340	1.335
	0.0100	1.12e+07	0.057	1.877	1.952	2.017	2.009	1.996	1.993	1.996	1.890	1.950	1.934	1.920	1.885	1.885
	0.0100	1.26e+07	0.155	1.931	2.002	2.064	2.044	2.035	2.023	2.015	1.903	1.961	1.919	1.897	1.841	1.839
	0.0100	1.41e+07	0.253	1.971	2.032	2.088	2.048	2.048	2.018	1.994	1.872	1.928	1.849	1.817	1.732	1.726
	0.0100	1.58e+07	0.361	1.960	1.998	2.037	1.969	1.982	1.932	1.889	1.761	1.812	1.710	1.670	1.565	1.557
	0.0100	1.78e+07	0.460	2.176	2.168	2.174	2.029	2.074	1.964	1.870	1.703	1.753	1.578	1.522	1.378	1.371
	0.0100	2.00e+07	0.567	2.310	2.328	2.357	2.211	2.254	2.139	2.042	1.871	1.922	1.717	1.651	1.483	1.467
	0.0100	2.24e+07	0.662	2.302	2.305	2.320	2.177	2.220	2.110	2.016	1.849	1.900	1.720	1.662	1.512	1.502
	0.0100	2.51e+07	0.764	2.255	2.269	2.294	2.180	2.212	2.124	2.049	1.902	1.951	1.799	1.746	1.609	1.596
	0.0100	2.82e+07	0.864	2.264	2.271	2.289	2.182	2.212	2.132	2.063	1.921	1.970	1.843	1.798	1.680	1.672
	0.0100	3.16e+07	0.959	2.263	2.288	2.319	2.237	2.257	2.195	2.143	2.012	2.062	1.956	1.915	1.809	1.800
	0.0100	3.55e+07	1.057	2.296	2.317	2.345	2.262	2.282	2.221	2.169	2.041	2.090	1.988	1.949	1.846	1.837
	0.0100	3.98e+07	1.162	2.341	2.360	2.388	2.308	2.328	2.270	2.220	2.097	2.145	2.051	2.014	1.918	1.911
	0.0100	4.47e+07	1.267	2.399	2.415	2.439	2.357	2.378	2.319	2.268	2.145	2.193	2.098	2.062	1.967	1.961
	0.0100	5.01e+07	1.376	2.462	2.474	2.496	2.414	2.435	2.376	2.324	2.203	2.251	2.157	2.122	2.030	2.025
	0.0100	5.62e+07	1.479	2.513	2.521	2.540	2.456	2.479	2.419	2.366	2.247	2.294	2.201	2.167	2.077	2.073
	0.0100	6.31e+07	1.580	2.559	2.562	2.578	2.493	2.516	2.455	2.402	2.285	2.331	2.239	2.206	2.119	2.115
	0.0100	7.08e+07	1.680	2.606	2.603	2.614	2.527	2.551	2.489	2.435	2.319	2.364	2.274	2.242	2.157	2.155
	0.0100	7.94e+07	1.783	2.682	2.674	2.681	2.587	2.613	2.548	2.490	2.372	2.417	2.316	2.283	2.194	2.194
	0.0100	8.91e+07	1.883	2.746	2.731	2.733	2.634	2.663	2.594	2.533	2.413	2.458	2.355	2.321	2.234	2.235
	0.0100	1.00e+08	1.988	2.823	2.802	2.799	2.694	2.726	2.653	2.588	2.466	2.511	2.403	2.370	2.282	2.284
	0.0100	1.12e+08	2.094	2.898	2.871	2.864	2.755	2.788	2.712	2.644	2.520	2.565	2.454	2.421	2.334	2.337
	0.0100	1.26e+08	2.200	2.978	2.945	2.933	2.820	2.856	2.775	2.703	2.576	2.621	2.506	2.472	2.383	2.387
	0.0100	1.41e+08	2.305	3.059	3.022	3.005	2.887	2.925	2.840	2.765	2.636	2.680	2.558	2.523	2.431	2.435
	0.0100	1.58e+08	2.412	3.137	3.097	3.078	2.957	2.997	2.909	2.832	2.702	2.746	2.619	2.582	2.486	2.491
	0.0100	1.78e+08	2.519	3.211	3.168	3.148	3.026	3.066	2.977	2.899	2.771	2.814	2.682	2.644	2.545	2.550
	0.0100	2.00e+08	2.631	3.284	3.240	3.219	3.098	3.138	3.050	2.973	2.848	2.890	2.755	2.717	2.618	2.622
	0.0100	2.24e+08	2.743	3.357	3.312	3.289	3.169	3.209	3.122	3.045	2.923	2.964	2.827	2.789	2.689	2.694
	0.0100	2.51e+08	2.851	3.431	3.382	3.359	3.237	3.278	3.190	3.113	2.994	3.034	2.894	2.856	2.754	2.759
	0.0100	2.82e+08	2.961	3.507	3.454	3.428	3.306	3.347	3.259	3.181	3.065	3.103	2.962	2.923	2.821	2.826
	0.0100	3.16e+08	3.073	3.586	3.529	3.500	3.376	3.419	3.330	3.251	3.137	3.174	3.032	2.993	2.892	2.897
	0.0100	3.55e+08	3.187	3.668	3.607	3.574	3.448	3.492	3.401	3.321	3.210	3.245	3.103	3.066	2.965	2.971
	0.0100	3.98e+08	3.300	3.754	3.687	3.650	3.521	3.566	3.474	3.392	3.282	3.316	3.174	3.136	3.037	3.043
	0.0100	4.47e+08	3.413	3.844	3.770	3.728	3.595	3.642	3.547	3.462	3.353	3.387	3.243	3.206	3.108	3.115
	0.0100	5.01e+08	3.522	3.939	3.856	3.808	3.668	3.719	3.619	3.530	3.420	3.454	3.307	3.270	3.172	3.180
	0.0100	5.62e+08	3.628	4.043	3.949	3.895	3.746	3.800	3.694	3.600	3.488	3.521	3.370	3.333	3.233	3.242
	0.0100	6.31e+08	3.734	4.155	4.050	3.989	3.828	3.887	3.773	3.674	3.557	3.591	3.434	3.396	3.295	3.304
	0.0100	7.08e+08	3.842	4.274	4.157	4.088	3.916	3.979	3.858	3.752	3.630	3.665	3.504	3.466	3.364	3.375
	0.0100	7.94e+08	3.948	4.401	4.270	4.194	4.008	4.075	3.945	3.832	3.703	3.740	3.576	3.537	3.434	3.446
	0.0100	8.91e+08	4.051	4.530	4.383	4.298	4.096	4.169	4.029	3.908	3.770	3.809	3.643	3.604	3.500	3.513
	0.0100	1.00e+09	4.158	4.673	4.511	4.418	4.198	4.277	4.126	3.997	3.849	3.890	3.720	3.680	3.574	3.588
	0.0100	1.12e+09	4.255	4.817	4.637	4.536	4.298	4.382	4.220	4.082	3.922	3.965	3.790	3.748	3.639	3.653
	0.0100	1.26e+09	4.347	4.960	4.764	4.656	4.399	4.489	4.314	4.168	3.996	4.042	3.859	3.815	3.701	3.715
	0.0100	1.41e+09	4.346	5.062	4.839	4.719	4.428	4.529	4.332	4.170	3.980	4.029	3.830	3.781	3.654	3.667
	0.0100	1.58e+09	4.290	5.155	4.900	4.768	4.434	4.549	4.324	4.143	3.934	3.987	3.759	3.702	3.555	3.567
	0.0100	1.78e+09	4.513	5.432	5.177	5.049	4.701	4.820	4.588	4.403	4.192	4.244	3.996	3.935	3.777	3.789
	0.0100	2.00e+09	4.604	5.592	5.323	5.191	4.825	4.949	4.707	4.516	4.299	4.351	4.085	4.020	3.853	3.865
	0.0100	2.24e+09	4.691	5.745	5.461	5.326	4.943	5.072	4.820	4.623	4.402	4.454	4.171	4.103	3.928	3.939
	0.0100	2.51e+09	4.791	5.903	5.607	5.467	5.070	5.203	4.944	4.742	4.516	4.569	4.272	4.200	4.018	4.029
	0.0100	2.82e+09	4.836	6.021	5.703	5.556	5.139	5.278	5.007	4.798	4.565	4.619	4.310	4.235	4.047	4.058
	0.0100	3.16e+09	4.904	6.167	5.833	5.681	5.244	5.389	5.108	4.892	4.655	4.708	4.381	4.302	4.104	4.116
	0.0100	3.55e+09	5.026	6.291	5.956	5.805	5.369	5.514	5.233	5.019	4.782	4.835	4.505	4.426	4.227	4.239
	0.0100	3.98e+09	5.134	6.427	6.086	5.932	5.490	5.637	5.352	5.136	4.896	4.950	4.613	4.532	4.330	4.343
	0.0100	4.47e+09	5.200	6.545	6.193	6.037	5.583	5.733	5.442	5.221	4.980	5.033	4.684	4.600	4.392	4.405
	0.0100	5.01e+09	5.304	6.681	6.322	6.164	5.702	5.855	5.560	5.337	5.094	5.146	4.790	4.705	4.492	4.506
	0.0100	5.62e+09	5.496	6.852	6.495	6.336	5.881	6.032	5.741	5.520	5.275	5.328	4.980	4.895	4.685	4.699
	0.0100	6.31e+09	5.553	6.959	6.591	6.430	5.963	6.118	5.820	5.595	5.348	5.400	5.041	4.954	4.738	4.752
	0.0100	7.08e+09	5.644	7.079	6.703	6.539	6.064	6.221	5.918	5.691	5.441	5.493	5.130	5.042	4.824	4.838
	0.0100	7.94e+09	5.738	7.201	6.817	6.651	6.170	6.328	6.022	5.792	5.540	5.592	5.225	5.135	4.914	4.929
	0.0100	8.91e+09	5.825	7.330	6.939	6.772	6.280	6.442	6.130	5.897	5.643	5.695	5.318	5.226	4.999	5.015
	0.0100	1.00e+10	5.909	7.452	7.053	6.885	6.384	6.548	6.231	5.996	5.739	5.792	5.407	5.313	5.082	5.099
	0.0100	1.12e+10	6.000	7.578	7.171	7.003	6.492	6.658	6.337	6.099	5.839	5.893	5.502	5.406	5.171	5.188
	0.0100	1.26e+10	6.082	7.701	7.287	7.119	6.596	6.766	6.439	6.198	5.936	5.990	5.591	5.493	5.253	5.271
